data/bio1.asc
NCOLS 509 
NROWS 666 
XLLCORNER -74.2583333333333 
YLLCORNER -39.9333333333333 
CELLSIZE 0.00833333333333332 
NODATA_value -9999 
[rows 287 to 327 of 666, columns 92 to 183 of 509]
-9999 -9999 -9999 -9999 -9999 -9999 -9999 -9999 -9999 -9999 -9999 -9999 -9999 -9999 -9999 -9999 -9999 -9999 -9999 -9999 -9999 -9999 -9999 -9999 -9999 -9999 -9999 -9999 -9999 -9999 -9999 143 143 135 136 136 136 136 143 143 143 143 143 143 142 142 142 141 142 143 143 143 142 142 143 143 143 140 134 129 136 132 129 132 129 132 136 135 131 132 128 129 129 132 135 132 130 133 131 135 138 139 138 135 138 137 136 132 136 136 136 133
-9999 -9999 -9999 -9999 -9999 -9999 -9999 -9999 -9999 -9999 -9999 -9999 -9999 -9999 -9999 -9999 -9999 -9999 -9999 -9999 -9999 -9999 -9999 -9999 -9999 -9999 -9999 -9999 -9999 -9999 -9999 -9999 -9999 -9999 -9999 143 140 137 139 138 142 143 143 143 142 142 142 142 142 143 142 142 142 141 140 143 143 140 133 134 140 137 134 137 139 142 137 138 135 134 131 129 132 131 135 135 136 133 135 138 140 136 132 133 136 137 133 132 132 136 135 135
-9999 -9999 -9999 -9999 -9999 -9999 -9999 -9999 -9999 -9999 -9999 -9999 -9999 -9999 -9999 -9999 -9999 -9999 -9999 -9999 -9999 -9999 -9999 -9999 -9999 -9999 -9999 -9999 -9999 -9999 -9999 -9999 -9999 -9999 -9999 -9999 143 140 139 140 143 143 143 142 142 142 142 142 142 143 142 141 141 140 142 143 140 135 132 142 142 142 142 143 142 142 138 136 135 131 126 129 132 134 135 137 134 134 140 140 140 136 135 137 134 135 134 133 131 133 136 135
-9999 -9999 -9999 -9999 -9999 -9999 -9999 -9999 -9999 -9999 -9999 -9999 -9999 -9999 -9999 -9999 -9999 -9999 -9999 -9999 -9999 -9999 -9999 -9999 -9999 -9999 -9999 -9999 -9999 -9999 -9999 -9999 -9999 -9999 -9999 -9999 143 142 140 143 143 143 143 143 142 142 142 142 142 142 142 142 141 141 142 142 140 135 132 142 142 142 142 137 142 142 142 135 130 125 129 136 134 136 138 137 135 136 140 137 137 138 138 139 136 135 134 132 133 132 134 134
-9999 -9999 -9999 -9999 -9999 -9999 -9999 -9999 -9999 -9999 -9999 -9999 -9999 -9999 -9999 -9999 -9999 -9999 -9999 -9999 -9999 -9999 -9999 -9999 -9999 -9999 -9999 -9999 -9999 -9999 -9999 -9999 -9999 -9999 -9999 -9999 -9999 143 143 143 143 143 143 143 143 142 142 142 142 142 142 143 141 142 142 142 142 138 143 143 143 143 136 136 134 137 141 142 133 131 138 138 135 135 138 140 139 135 137 139 135 135 138 139 138 136 135 132 133 132 131 132
-9999 -9999 -9999 -9999 -9999 -9999 -9999 -9999 -9999 -9999 -9999 -9999 -9999 -9999 -9999 -9999 -9999 -9999 -9999 -9999 -9999 -9999 -9999 -9999 -9999 -9999 -9999 -9999 -9999 -9999 -9999 -9999 -9999 -9999 -9999 -9999 -9999 -9999 143 143 143 143 143 143 142 142 143 143 143 143 141 142 141 142 142 142 142 143 143 143 142 140 136 125 124 127 135 141 136 138 141 140 139 138 136 135 139 133 130 136 134 135 137 136 137 139 138 136 138 137 131 129
-9999 -9999 -9999 -9999 -9999 -9999 -9999 -9999 -9999 -9999 -9999 -9999 -9999 -9999 -9999 -9999 -9999 -9999 -9999 -9999 -9999 -9999 -9999 -9999 -9999 -9999 -9999 -9999 -9999 -9999 -9999 -9999 -9999 -9999 -9999 -9999 -9999 -9999 -9999 143 143 142 142 143 142 142 142 142 142 143 142 142 141 141 141 136 136 142 142 142 132 134 128 124 122 125 138 142 142 142 139 138 137 135 132 131 129 128 131 135 134 134 135 135 135 136 134 136 134 134 133 131
-9999 -9999 -9999 -9999 -9999 -9999 -9999 -9999 -9999 -9999 -9999 -9999 -9999 -9999 -9999 -9999 -9999 -9999 -9999 -9999 -9999 -9999 -9999 -9999 -9999 -9999 -9999 -9999 -9999 -9999 -9999 -9999 -9999 -9999 -9999 -9999 -9999 -9999 -9999 143 143 142 142 143 142 142 142 142 142 142 143 142 142 131 135 134 130 137 142 138 133 130 127 123 121 127 132 134 137 136 137 139 138 136 128 128 126 125 129 131 135 136 133 132 132 135 135 133 132 132 132 132
-9999 -9999 -9999 -9999 -9999 -9999 -9999 -9999 -9999 -9999 -9999 -9999 -9999 -9999 -9999 -9999 -9999 -9999 -9999 -9999 -9999 -9999 -9999 -9999 -9999 -9999 -9999 -9999 -9999 -9999 -9999 -9999 -9999 -9999 -9999 -9999 -9999 -9999 -9999 143 143 142 142 142 142 142 142 142 142 136 143 143 142 134 131 132 134 138 138 132 127 124 123 121 119 122 127 136 136 134 137 138 137 133 131 127 128 127 130 132 133 133 136 133 132 133 133 133 135 134 134 134
-9999 -9999 -9999 -9999 -9999 -9999 -9999 -9999 -9999 -9999 -9999 -9999 -9999 -9999 -9999 -9999 -9999 -9999 -9999 -9999 -9999 -9999 -9999 -9999 -9999 -9999 -9999 -9999 -9999 -9999 -9999 -9999 -9999 -9999 -9999 -9999 -9999 -9999 -9999 143 142 142 142 142 142 142 142 136 142 134 143 143 143 138 131 126 127 137 140 133 124 121 121 118 119 122 128 131 134 130 135 139 137 137 135 132 129 131 129 129 132 133 135 135 134 136 134 135 132 132 132 133
-9999 -9999 -9999 -9999 -9999 -9999 -9999 -9999 -9999 -9999 -9999 -9999 -9999 -9999 -9999 -9999 -9999 -9999 -9999 -9999 -9999 -9999 -9999 -9999 -9999 -9999 -9999 -9999 -9999 -9999 -9999 -9999 -9999 -9999 -9999 -9999 -9999 -9999 -9999 143 142 143 142 142 142 141 137 134 131 137 142 143 143 142 137 131 128 132 138 141 125 127 124 122 121 124 123 122 126 128 130 133 133 131 138 135 135 137 131 128 131 133 133 133 133 134 135 136 134 131 133 135
-9999 -9999 -9999 -9999 -9999 -9999 -9999 -9999 -9999 -9999 -9999 -9999 -9999 -9999 -9999 -9999 -9999 -9999 -9999 -9999 -9999 -9999 -9999 -9999 -9999 -9999 -9999 -9999 -9999 -9999 -9999 -9999 -9999 -9999 -9999 -9999 -9999 -9999 -9999 143 143 142 142 142 143 140 136 135 126 132 141 143 144 143 141 130 124 129 136 137 130 124 124 122 122 124 122 122 124 129 127 128 126 127 134 134 135 135 133 134 132 131 134 135 135 133 133 133 136 136 136 132
-9999 -9999 -9999 -9999 -9999 -9999 -9999 -9999 -9999 -9999 -9999 -9999 -9999 -9999 -9999 -9999 -9999 -9999 -9999 -9999 -9999 -9999 -9999 -9999 -9999 -9999 -9999 -9999 -9999 -9999 -9999 -9999 -9999 -9999 -9999 -9999 -9999 -9999 -9999 143 143 143 142 142 138 137 136 128 123 125 132 143 144 143 142 133 124 127 125 129 132 128 124 122 122 124 121 122 125 129 125 125 123 129 132 131 131 130 130 132 131 133 133 133 134 135 135 132 135 133 134 134
-9999 -9999 -9999 -9999 -9999 -9999 -9999 -9999 -9999 -9999 -9999 -9999 -9999 -9999 -9999 -9999 -9999 -9999 -9999 -9999 -9999 -9999 -9999 -9999 -9999 -9999 -9999 -9999 -9999 -9999 -9999 -9999 -9999 -9999 -9999 -9999 -9999 -9999 -9999 143 143 142 142 142 138 137 135 130 123 122 131 138 143 143 141 130 122 124 121 123 128 125 124 122 121 122 123 123 125 126 126 125 127 132 133 128 129 128 130 128 129 131 132 131 129 132 133 132 134 131 134 132
-9999 -9999 -9999 -9999 -9999 -9999 -9999 -9999 -9999 -9999 -9999 -9999 -9999 -9999 -9999 -9999 -9999 -9999 -9999 -9999 -9999 -9999 -9999 -9999 -9999 -9999 -9999 -9999 -9999 -9999 -9999 -9999 -9999 -9999 -9999 -9999 -9999 -9999 -9999 144 144 142 142 142 139 137 134 127 123 120 124 136 143 143 142 141 123 121 121 123 130 125 123 121 121 120 122 124 124 126 124 122 125 133 132 129 126 127 129 127 130 130 132 129 130 130 131 133 134 133 132 132
-9999 -9999 -9999 -9999 -9999 -9999 -9999 -9999 -9999 -9999 -9999 -9999 -9999 -9999 -9999 -9999 -9999 -9999 -9999 -9999 -9999 -9999 -9999 -9999 -9999 -9999 -9999 -9999 -9999 -9999 -9999 -9999 -9999 -9999 -9999 -9999 -9999 -9999 -9999 143 143 142 142 142 138 135 128 128 119 119 126 136 143 142 142 141 133 120 117 119 121 126 124 121 118 119 121 127 129 125 122 123 125 130 132 127 128 128 128 127 129 131 130 132 131 131 131 131 133 131 133 130
-9999 -9999 -9999 -9999 -9999 -9999 -9999 -9999 -9999 -9999 -9999 -9999 -9999 -9999 -9999 -9999 -9999 -9999 -9999 -9999 -9999 -9999 -9999 -9999 -9999 -9999 -9999 -9999 -9999 -9999 -9999 -9999 -9999 -9999 -9999 -9999 -9999 -9999 -9999 144 142 143 143 143 139 128 121 120 119 117 119 132 141 143 142 141 137 124 117 117 120 123 123 121 120 119 123 127 128 127 124 123 126 129 132 130 130 131 130 127 129 130 129 130 129 131 131 130 132 131 130 129
-9999 -9999 -9999 -9999 -9999 -9999 -9999 -9999 -9999 -9999 -9999 -9999 -9999 -9999 -9999 -9999 -9999 -9999 -9999 -9999 -9999 -9999 -9999 -9999 -9999 -9999 -9999 -9999 -9999 -9999 -9999 -9999 -9999 -9999 -9999 -9999 -9999 -9999 -9999 144 143 143 142 139 135 137 124 116 115 116 122 132 139 142 142 141 141 122 119 121 121 118 121 120 121 121 126 131 128 124 125 126 127 130 130 130 129 128 129 127 128 128 129 129 128 129 129 129 132 131 130 128
-9999 -9999 -9999 -9999 -9999 -9999 -9999 -9999 -9999 -9999 -9999 -9999 -9999 -9999 -9999 -9999 -9999 -9999 -9999 -9999 -9999 -9999 -9999 -9999 -9999 -9999 -9999 -9999 -9999 -9999 -9999 -9999 -9999 -9999 -9999 -9999 -9999 -9999 144 144 143 143 143 139 130 125 125 116 114 121 127 135 140 142 141 141 140 141 125 124 122 117 118 118 123 127 133 133 129 130 129 130 128 129 128 129 130 129 127 126 126 127 128 129 129 128 129 129 131 128 129 127
-9999 -9999 -9999 -9999 -9999 -9999 -9999 -9999 -9999 -9999 -9999 -9999 -9999 -9999 -9999 -9999 -9999 -9999 -9999 -9999 -9999 -9999 -9999 -9999 -9999 -9999 -9999 -9999 -9999 -9999 -9999 -9999 -9999 -9999 -9999 -9999 -9999 -9999 144 144 143 142 138 139 134 124 115 113 112 118 124 128 134 142 143 141 140 141 131 127 122 117 117 124 124 129 133 134 132 134 136 131 129 128 129 128 128 128 128 129 131 129 129 131 130 130 127 129 129 125 126 123
-9999 -9999 -9999 -9999 -9999 -9999 -9999 -9999 -9999 -9999 -9999 -9999 -9999 -9999 -9999 -9999 -9999 -9999 -9999 -9999 -9999 -9999 -9999 -9999 -9999 -9999 -9999 -9999 -9999 -9999 -9999 -9999 -9999 -9999 -9999 -9999 -9999 -9999 144 144 143 142 138 138 131 133 128 123 111 118 118 125 133 143 142 143 141 141 133 131 127 121 122 127 128 130 133 139 138 135 131 129 129 129 127 127 127 130 130 133 131 128 133 132 131 130 126 126 131 130 127 127
-9999 -9999 -9999 -9999 -9999 -9999 -9999 -9999 -9999 -9999 -9999 -9999 -9999 -9999 -9999 -9999 -9999 -9999 -9999 -9999 -9999 -9999 -9999 -9999 -9999 -9999 -9999 -9999 -9999 -9999 -9999 -9999 -9999 -9999 -9999 -9999 -9999 144 144 143 143 143 138 132 124 126 123 116 116 116 122 131 140 142 143 143 142 141 142 131 121 116 121 132 133 133 141 138 136 134 135 134 131 128 127 125 125 129 132 133 132 130 132 129 128 130 125 127 131 132 129 130
-9999 -9999 -9999 -9999 -9999 -9999 -9999 -9999 -9999 -9999 -9999 -9999 -9999 -9999 -9999 -9999 -9999 -9999 -9999 -9999 -9999 -9999 -9999 -9999 -9999 -9999 -9999 -9999 -9999 -9999 -9999 -9999 -9999 -9999 -9999 -9999 -9999 144 143 143 143 143 143 136 130 128 122 122 126 122 120 125 130 142 142 143 143 143 142 133 127 122 123 130 141 136 141 141 139 133 133 133 130 129 130 131 128 129 132 132 133 133 131 129 128 128 125 126 128 132 132 132
-9999 -9999 -9999 -9999 -9999 -9999 -9999 -9999 -9999 -9999 -9999 -9999 -9999 -9999 -9999 -9999 -9999 -9999 -9999 -9999 -9999 -9999 -9999 -9999 -9999 -9999 -9999 -9999 -9999 -9999 -9999 -9999 -9999 -9999 -9999 -9999 144 144 143 143 143 143 143 143 143 139 130 132 128 120 118 124 131 141 142 142 142 143 143 142 140 143 143 143 143 142 141 141 141 138 135 132 132 135 134 133 130 128 130 134 133 130 134 132 127 130 128 125 127 133 132 131
-9999 -9999 -9999 -9999 -9999 -9999 -9999 -9999 -9999 -9999 -9999 -9999 -9999 -9999 -9999 -9999 -9999 -9999 -9999 -9999 -9999 -9999 -9999 -9999 -9999 -9999 -9999 -9999 -9999 -9999 -9999 -9999 -9999 -9999 -9999 -9999 144 144 143 143 143 143 143 143 138 132 139 133 127 128 122 115 122 136 141 136 139 142 141 143 139 143 141 141 142 142 141 141 141 141 137 135 136 135 131 129 128 131 132 133 132 131 134 132 129 131 130 133 133 131 131 133
-9999 -9999 -9999 -9999 -9999 -9999 -9999 -9999 -9999 -9999 -9999 -9999 -9999 -9999 -9999 -9999 -9999 -9999 -9999 -9999 -9999 -9999 -9999 -9999 -9999 -9999 -9999 -9999 -9999 -9999 -9999 -9999 -9999 -9999 -9999 144 144 143 143 143 143 143 143 143 143 139 137 135 133 127 120 116 125 136 142 132 134 142 141 141 126 120 125 136 143 142 142 141 141 141 140 138 138 134 134 131 128 133 134 135 133 131 132 132 131 133 135 135 133 131 129 132
-9999 -9999 -9999 -9999 -9999 -9999 -9999 -9999 -9999 -9999 -9999 -9999 -9999 -9999 -9999 -9999 -9999 -9999 -9999 -9999 -9999 -9999 -9999 -9999 -9999 -9999 -9999 -9999 -9999 -9999 -9999 -9999 -9999 -9999 -9999 144 144 143 143 143 144 143 143 143 143 141 140 133 127 133 126 121 126 136 130 124 124 129 126 130 127 124 142 143 142 141 137 140 141 141 137 137 137 135 132 129 131 133 136 135 134 136 136 134 135 136 137 134 135 133 129 130
-9999 -9999 -9999 -9999 -9999 -9999 -9999 -9999 -9999 -9999 -9999 -9999 -9999 -9999 -9999 -9999 -9999 -9999 -9999 -9999 -9999 -9999 -9999 -9999 -9999 -9999 -9999 -9999 -9999 -9999 -9999 -9999 -9999 -9999 -9999 144 144 142 143 144 144 143 143 143 144 144 139 136 132 134 125 122 129 134 127 129 129 129 135 141 141 140 142 140 141 141 136 138 138 141 135 131 132 133 132 127 130 132 135 137 140 139 137 137 139 139 139 137 136 134 132 133
-9999 -9999 -9999 -9999 -9999 -9999 -9999 -9999 -9999 -9999 -9999 -9999 -9999 -9999 -9999 -9999 -9999 -9999 -9999 -9999 -9999 -9999 -9999 -9999 -9999 -9999 -9999 -9999 -9999 -9999 -9999 -9999 -9999 -9999 -9999 144 144 143 143 144 144 141 143 143 144 143 136 135 133 131 122 122 135 128 123 134 132 136 142 139 141 143 140 141 136 132 136 137 136 140 136 135 131 131 131 127 130 132 138 141 141 136 136 135 135 136 136 135 136 137 134 135
-9999 -9999 -9999 -9999 -9999 -9999 -9999 -9999 -9999 -9999 -9999 -9999 -9999 -9999 -9999 -9999 -9999 -9999 -9999 -9999 -9999 -9999 -9999 -9999 -9999 -9999 -9999 -9999 -9999 -9999 -9999 -9999 -9999 -9999 -9999 -9999 144 144 142 144 144 138 141 144 144 141 142 138 135 129 119 122 129 126 129 135 142 142 127 136 142 143 142 128 129 133 134 135 134 137 134 133 134 131 129 129 129 134 141 140 138 139 134 133 134 133 134 133 135 136 137 137
143 144 -9999 -9999 -9999 -9999 -9999 -9999 -9999 -9999 -9999 -9999 -9999 -9999 -9999 -9999 -9999 -9999 -9999 -9999 -9999 -9999 -9999 -9999 -9999 -9999 -9999 -9999 -9999 -9999 -9999 -9999 -9999 -9999 -9999 -9999 -9999 -9999 -9999 144 144 144 144 141 144 140 138 131 134 126 118 120 126 132 141 141 134 122 123 132 141 143 143 129 127 129 132 133 136 137 134 133 133 133 131 134 135 134 138 141 138 140 139 135 132 129 130 131 133 132 135 134
144 144 -9999 -9999 -9999 -9999 -9999 -9999 -9999 -9999 -9999 -9999 -9999 -9999 -9999 -9999 -9999 -9999 -9999 -9999 -9999 -9999 -9999 -9999 -9999 -9999 -9999 -9999 -9999 -9999 -9999 -9999 -9999 -9999 -9999 -9999 -9999 -9999 -9999 -9999 144 144 144 144 137 135 134 128 124 127 118 121 125 135 141 137 124 128 134 134 141 143 143 137 131 128 127 128 132 134 132 132 131 133 136 135 140 138 138 142 140 138 138 135 131 130 131 133 131 130 131 134
144 144 -9999 -9999 -9999 -9999 -9999 -9999 -9999 -9999 -9999 -9999 -9999 -9999 -9999 -9999 -9999 -9999 -9999 -9999 -9999 -9999 -9999 -9999 -9999 -9999 -9999 -9999 -9999 -9999 -9999 -9999 -9999 -9999 -9999 -9999 -9999 -9999 -9999 -9999 145 144 142 141 141 133 128 123 120 116 117 124 129 136 140 132 125 133 123 117 130 143 143 142 135 138 135 124 125 128 129 129 131 135 140 142 142 142 142 141 139 136 137 134 135 135 134 133 132 132 130 131
-9999 144 -9999 -9999 -9999 -9999 -9999 -9999 -9999 -9999 -9999 -9999 -9999 -9999 -9999 -9999 -9999 -9999 -9999 -9999 -9999 -9999 -9999 -9999 -9999 -9999 -9999 -9999 -9999 -9999 -9999 -9999 -9999 -9999 -9999 -9999 -9999 -9999 -9999 -9999 144 145 138 137 132 129 125 119 117 116 120 130 133 137 141 124 118 117 123 118 142 144 143 142 141 139 135 134 125 127 134 130 131 138 142 142 140 136 132 136 135 134 135 133 133 134 134 131 130 130 133 130
-9999 -9999 -9999 -9999 -9999 -9999 -9999 -9999 -9999 -9999 -9999 -9999 -9999 -9999 -9999 -9999 -9999 -9999 -9999 -9999 -9999 -9999 -9999 -9999 -9999 -9999 -9999 -9999 -9999 -9999 -9999 -9999 -9999 -9999 -9999 -9999 -9999 -9999 -9999 -9999 145 145 141 138 127 125 121 119 123 121 117 122 128 135 135 118 119 125 130 134 144 144 143 142 141 142 140 138 129 133 139 142 142 142 142 143 138 135 133 133 132 130 132 132 134 136 133 130 131 135 133 130
-9999 -9999 -9999 -9999 -9999 -9999 -9999 -9999 -9999 -9999 -9999 -9999 -9999 -9999 -9999 -9999 -9999 -9999 -9999 -9999 -9999 -9999 -9999 -9999 -9999 -9999 -9999 -9999 -9999 -9999 -9999 -9999 -9999 -9999 -9999 -9999 -9999 -9999 144 144 145 144 140 134 128 124 122 131 128 126 122 127 131 135 131 117 118 123 129 141 144 144 143 142 141 141 137 134 135 132 142 142 142 142 140 142 140 138 134 133 131 132 131 135 133 137 134 133 134 134 132 134
-9999 -9999 -9999 -9999 -9999 -9999 -9999 -9999 -9999 -9999 -9999 -9999 -9999 -9999 -9999 -9999 -9999 -9999 -9999 -9999 -9999 -9999 -9999 -9999 -9999 -9999 -9999 -9999 -9999 -9999 -9999 -9999 -9999 -9999 -9999 -9999 -9999 144 144 144 141 141 140 131 125 127 136 131 121 117 123 127 128 130 130 115 116 122 130 137 144 144 143 141 141 142 142 141 142 142 142 135 136 128 142 142 136 135 132 133 132 131 131 133 134 137 136 137 137 136 134 137
-9999 -9999 -9999 -9999 -9999 -9999 -9999 -9999 -9999 -9999 -9999 -9999 -9999 -9999 -9999 -9999 -9999 -9999 -9999 -9999 -9999 -9999 -9999 -9999 -9999 -9999 -9999 -9999 -9999 -9999 -9999 -9999 -9999 -9999 -9999 -9999 -9999 145 143 141 144 139 133 129 130 140 136 138 135 126 128 125 125 123 125 120 113 116 122 136 143 143 143 141 141 141 142 142 142 142 142 133 124 124 121 134 132 136 133 133 129 131 132 132 134 136 136 134 134 138 137 137
-9999 -9999 -9999 -9999 -9999 -9999 -9999 -9999 -9999 -9999 -9999 -9999 -9999 -9999 -9999 -9999 -9999 -9999 -9999 -9999 -9999 -9999 -9999 -9999 -9999 -9999 -9999 -9999 -9999 -9999 -9999 -9999 -9999 -9999 -9999 -9999 -9999 -9999 144 145 144 137 133 137 140 140 133 130 124 124 126 123 115 112 114 113 114 122 128 138 143 143 143 141 141 142 142 141 137 143 142 142 132 124 119 127 131 137 134 136 132 130 132 134 135 138 136 136 134 133 134 133
-9999 -9999 -9999 -9999 -9999 -9999 -9999 -9999 -9999 -9999 -9999 -9999 -9999 -9999 -9999 -9999 -9999 -9999 -9999 -9999 -9999 -9999 -9999 -9999 -9999 -9999 -9999 -9999 -9999 -9999 -9999 -9999 -9999 -9999 -9999 -9999 -9999 -9999 144 144 139 141 143 143 135 132 119 114 112 112 113 114 110 106 107 113 121 125 130 141 143 143 143 141 142 142 142 142 131 143 134 135 142 131 124 132 132 137 134 132 135 131 131 132 136 139 136 136 134 133 134 136
-9999 -9999 -9999 -9999 -9999 -9999 -9999 -9999 -9999 -9999 -9999 -9999 -9999 -9999 -9999 -9999 -9999 -9999 -9999 -9999 -9999 -9999 -9999 -9999 -9999 -9999 -9999 -9999 -9999 -9999 -9999 -9999 -9999 -9999 -9999 -9999 -9999 -9999 144 145 144 144 135 131 128 121 121 114 112 108 106 104 105 107 107 111 119 128 136 141 142 143 143 141 142 142 142 142 131 133 135 131 134 138 142 136 138 137 135 133 132 132 132 134 137 139 137 135 134 134 132 136
