data/bio1.asc
NCOLS 509 
NROWS 666 
XLLCORNER -74.2583333333333 
YLLCORNER -39.9333333333333 
CELLSIZE 0.00833333333333332 
NODATA_value -9999 
[rows 287 to 327 of 666, columns 276 to 367 of 509]
136 136 135 135 135 135 135 134 134 133 133 133 133 132 132 132 131 130 129 129 128 130 127 123 121 121 122 118 121 119 116 117 114 112 110 112 109 105 103 102 98 94 94 87 83 89 91 90 86 83 90 100 99 98 90 80 72 76 92 91 78 64 76 80 92 89 69 73 83 93 89 78 86 90 105 107 108 112 104 101 103 104 117 123 126 117 101 98 106 114 115 115
136 136 135 135 135 135 134 134 133 133 133 132 133 132 131 132 131 130 128 128 126 126 128 128 124 122 119 118 118 118 116 114 113 113 110 108 111 111 110 110 109 107 100 101 105 98 93 86 84 82 78 83 89 86 94 85 81 75 79 80 63 62 66 74 83 76 64 73 88 84 79 88 94 96 93 103 108 95 96 95 92 100 116 117 124 123 88 87 97 103 109 95
136 136 135 135 134 134 134 133 133 133 132 132 132 132 131 132 131 130 128 126 125 122 121 123 123 129 129 129 128 117 127 123 123 122 121 110 108 117 117 119 114 112 109 107 98 93 87 88 84 84 82 90 94 93 93 93 97 94 79 76 77 66 57 65 69 66 58 62 71 72 85 86 79 91 99 103 95 94 84 85 89 95 110 117 123 114 95 85 90 99 104 98
136 136 135 135 134 134 133 133 133 132 132 131 131 131 131 131 130 129 129 128 128 122 121 119 117 121 119 119 117 121 120 121 117 114 114 112 125 122 119 115 113 107 103 100 96 92 93 91 86 97 98 101 108 103 103 104 97 97 93 88 68 61 58 63 62 60 55 59 69 77 84 81 92 93 97 75 79 79 82 85 89 96 110 113 122 110 89 85 90 94 104 98
136 135 135 134 134 134 134 133 132 132 131 131 131 130 130 130 130 130 129 129 126 122 121 120 117 117 116 115 113 114 115 118 117 114 113 110 110 109 109 122 118 113 109 107 107 105 104 104 108 109 107 104 100 94 91 91 87 85 83 75 66 57 57 54 50 48 47 52 62 70 78 86 82 65 69 72 76 78 82 86 90 102 107 113 121 110 83 83 89 96 101 97
135 136 134 135 134 134 133 133 132 132 131 131 131 130 130 129 130 129 129 128 127 124 122 120 120 124 125 117 115 115 115 115 114 114 117 107 108 108 108 112 118 116 106 108 109 109 107 105 105 97 84 91 88 91 91 91 88 88 81 74 64 59 59 49 39 31 30 48 52 62 72 77 65 65 72 78 84 86 84 82 95 104 107 120 121 111 84 87 91 93 92 93
136 135 135 135 134 134 133 133 132 132 132 131 130 130 129 130 129 129 128 127 125 122 122 129 127 129 128 126 123 123 120 119 114 113 116 115 111 105 103 106 109 116 117 117 110 106 99 97 84 81 91 94 94 95 94 92 90 88 83 73 66 58 56 45 32 20 21 38 52 58 64 68 70 71 71 86 91 89 93 94 96 117 115 114 118 113 98 94 98 90 84 88
136 135 135 134 133 134 133 133 133 132 131 131 131 130 130 130 129 129 128 131 131 130 125 124 121 119 118 128 127 124 123 123 121 113 114 114 114 110 105 101 103 106 108 112 115 115 106 100 98 98 104 105 101 101 94 92 87 82 75 70 63 59 59 49 41 30 29 34 47 52 57 60 64 71 77 80 79 84 92 98 111 105 100 107 110 120 114 107 102 87 82 80
136 135 134 135 133 134 134 134 134 133 134 133 133 132 132 132 132 131 131 130 128 126 124 122 121 119 115 118 123 126 124 123 122 122 114 114 115 110 109 107 99 96 101 105 105 111 112 112 109 109 107 105 104 102 101 96 85 80 78 75 71 63 61 56 49 41 36 39 45 46 47 60 63 70 74 78 78 86 90 106 100 81 95 99 94 109 119 116 105 92 89 86
137 136 136 136 135 135 135 134 134 134 134 134 132 130 130 130 129 128 127 126 125 125 125 122 121 122 121 121 122 122 124 122 121 122 122 120 116 115 115 110 108 105 99 100 102 104 106 106 106 102 108 97 90 94 98 98 94 88 84 80 75 72 65 59 52 50 43 41 42 40 40 50 57 66 70 74 77 88 93 89 80 90 98 90 81 91 108 118 115 102 95 84
136 135 135 135 135 135 134 134 133 133 131 131 132 131 129 129 129 128 127 126 124 123 122 120 122 122 120 120 121 120 122 122 120 121 120 120 119 115 114 115 109 107 106 106 102 99 102 101 98 97 94 88 80 79 82 96 91 89 86 79 76 71 69 62 55 52 48 44 40 30 35 44 51 58 65 71 82 90 83 80 91 89 83 87 78 85 94 109 114 109 105 90
136 136 135 135 134 134 134 134 133 132 131 130 130 130 129 129 129 129 127 126 125 122 121 120 119 120 119 118 114 112 111 109 106 114 120 120 121 120 117 113 113 112 111 112 111 107 100 92 86 81 83 79 80 76 85 80 77 78 80 78 79 74 69 63 59 53 49 44 33 21 17 28 42 53 62 70 75 83 75 82 77 70 77 76 74 76 83 96 107 113 109 103
136 136 135 135 135 135 134 134 133 132 132 131 130 129 129 128 128 127 127 126 126 124 123 121 121 118 116 114 113 111 110 107 106 102 105 112 115 120 121 120 108 106 107 105 105 110 111 101 96 92 90 82 84 92 91 84 73 77 88 87 84 78 73 67 63 58 53 47 39 30 25 30 41 52 60 67 71 78 68 81 70 63 71 68 68 73 76 82 99 108 115 112
136 136 136 136 135 135 134 134 134 133 132 131 131 130 130 129 129 127 125 125 124 124 126 121 120 119 119 112 115 113 109 106 103 97 95 103 108 116 121 123 118 110 111 104 105 104 110 109 107 108 96 93 100 97 85 82 79 94 93 91 80 76 73 71 67 63 58 51 45 43 43 43 45 53 55 61 68 74 55 67 78 63 57 66 81 89 87 95 91 104 114 110
136 136 135 135 135 135 134 134 133 133 132 132 131 130 129 129 128 127 126 124 122 122 123 121 119 117 119 119 113 112 110 105 103 98 91 96 101 109 117 122 122 120 116 109 103 103 103 103 109 108 107 102 98 96 85 100 95 97 92 86 83 79 78 78 74 70 64 54 49 52 53 49 49 51 53 59 65 71 60 52 67 60 62 68 82 84 80 85 98 103 112 112
136 136 136 135 134 134 134 133 133 132 131 130 130 129 129 128 128 127 125 123 121 118 117 121 118 116 115 114 115 116 110 108 103 93 92 97 104 109 113 116 117 121 121 118 113 112 108 102 101 107 107 105 104 103 101 100 99 98 90 89 87 83 82 85 88 82 74 63 52 63 65 61 64 53 50 57 67 62 52 44 53 47 53 64 53 61 69 80 90 95 104 113
135 135 135 134 134 133 133 133 132 132 131 131 129 129 129 128 128 126 125 127 123 119 119 119 116 115 114 113 111 111 109 106 103 100 95 99 96 102 105 110 113 117 117 119 119 116 111 105 93 94 107 104 104 101 101 100 100 100 99 99 99 96 93 91 89 83 75 57 66 69 66 65 53 45 48 49 51 54 45 41 41 44 49 52 56 67 80 86 73 74 94 104
135 135 134 133 133 133 133 132 131 131 130 129 129 129 128 128 127 126 124 122 121 119 117 120 121 117 117 115 111 109 108 106 105 104 103 102 99 97 95 98 110 111 105 107 120 118 115 109 102 98 94 88 101 100 100 92 78 90 99 89 88 97 95 87 83 71 71 75 80 73 60 59 55 53 44 37 41 43 42 36 36 50 62 55 55 66 75 76 69 74 81 92
134 134 133 133 132 133 132 131 131 130 129 129 129 128 127 127 126 125 123 122 121 119 117 115 114 115 114 114 113 112 111 104 103 101 95 93 86 83 87 91 101 106 93 93 105 116 118 116 112 106 98 86 76 73 81 78 80 74 78 75 80 75 75 78 76 83 84 90 87 74 74 70 62 50 52 50 52 53 43 55 70 71 68 59 51 63 74 77 85 83 91 99
134 133 133 133 132 132 131 131 130 129 128 128 128 127 126 126 126 124 123 122 120 119 118 116 114 117 112 111 111 106 103 100 102 98 91 88 84 82 88 85 93 99 87 89 100 111 114 114 118 111 103 86 72 80 83 91 87 76 86 78 82 92 82 89 94 100 98 91 85 81 78 73 59 64 67 59 56 61 64 66 79 73 63 51 63 65 72 77 89 92 86 78
134 133 133 132 131 131 130 130 129 128 128 127 127 126 126 125 125 124 123 122 120 119 118 117 114 113 114 110 109 105 103 107 101 100 97 96 88 88 94 86 89 95 92 86 91 103 108 112 115 114 102 87 80 92 94 90 77 86 88 95 88 97 95 101 102 96 95 90 83 76 66 64 60 74 74 70 51 66 77 81 85 69 49 53 59 66 76 82 75 76 71 63
134 133 132 132 131 131 130 129 128 127 127 126 126 125 125 124 123 123 123 122 120 118 117 115 115 114 111 109 116 113 111 107 109 106 104 101 100 97 93 90 88 90 91 88 85 95 106 110 115 116 115 93 102 101 83 82 91 99 98 110 105 109 106 104 98 95 88 76 68 75 74 66 72 81 75 55 52 66 81 89 81 67 71 67 66 62 59 65 64 64 59 61
133 133 132 131 131 130 129 129 127 127 126 126 125 125 124 124 123 122 122 121 120 117 114 114 113 112 110 107 106 108 106 106 101 97 97 101 101 96 97 97 95 91 93 87 83 88 103 107 108 116 115 114 111 97 77 85 101 109 111 108 103 103 102 90 84 78 85 81 75 67 61 68 81 86 59 60 71 77 91 87 75 63 78 73 64 63 58 50 57 51 54 69
133 132 132 131 130 130 129 128 127 126 125 125 125 124 123 123 122 121 120 120 119 118 116 114 112 110 108 106 103 101 102 103 103 99 97 96 103 102 102 101 98 95 94 88 83 96 102 94 102 108 104 105 114 115 100 113 111 98 91 99 102 96 86 79 70 67 76 79 68 62 68 69 90 85 67 67 67 79 95 91 68 72 82 70 54 51 57 46 32 42 55 62
132 132 131 131 130 129 129 128 127 126 126 125 124 123 122 122 121 120 119 118 117 117 116 114 112 110 107 104 101 96 97 98 96 102 104 102 105 101 88 81 88 85 89 89 88 95 94 92 98 103 88 90 101 114 113 114 106 106 105 104 94 88 76 77 74 83 86 72 71 76 77 71 90 93 79 76 66 89 95 87 83 86 77 64 48 43 41 33 33 48 57 63
132 131 131 130 130 129 129 128 126 126 125 124 123 123 122 121 120 119 118 117 116 116 116 114 110 109 107 104 102 102 104 99 103 107 107 103 98 92 89 82 79 75 77 87 82 91 93 88 98 93 91 94 97 107 102 100 98 94 89 88 82 81 71 84 76 90 91 69 77 81 68 69 89 96 86 79 66 81 96 94 83 67 60 56 46 50 59 57 43 45 51 45
131 131 130 129 129 129 129 127 126 125 124 124 123 122 121 120 120 119 117 116 115 114 114 113 111 109 109 110 104 107 103 100 106 109 104 99 99 94 92 96 95 90 86 81 88 85 90 91 99 87 85 85 92 100 94 91 86 82 78 85 83 71 83 90 89 94 85 69 73 90 63 65 86 98 87 82 67 66 97 97 92 74 64 52 53 57 66 69 45 50 63 49
132 131 130 129 129 128 128 126 126 125 124 125 123 121 122 121 119 119 117 119 118 122 117 113 117 117 117 114 109 109 107 109 111 111 106 104 98 95 96 87 89 78 80 79 89 85 90 92 83 81 78 92 99 101 101 97 96 92 90 89 78 70 80 86 97 89 72 78 90 84 66 73 84 99 95 83 68 72 78 96 97 85 72 62 58 69 73 56 50 53 68 49
132 131 131 129 129 129 128 127 125 125 124 123 123 122 121 120 120 118 117 116 115 114 113 111 111 110 109 114 114 115 116 113 110 106 103 99 93 91 87 87 86 84 87 79 90 92 78 87 76 89 96 94 98 90 87 101 99 98 98 82 69 78 84 85 97 92 89 94 91 69 71 78 84 100 97 88 77 70 85 99 98 83 56 60 65 82 73 52 47 56 70 53
132 131 130 130 129 128 128 127 126 125 124 124 123 122 121 121 120 120 118 116 116 114 113 112 112 110 109 107 107 107 103 105 104 101 98 97 95 92 87 86 85 83 88 98 96 97 81 93 80 86 86 82 77 85 81 100 98 99 97 88 81 84 91 80 82 100 100 90 74 63 74 86 89 101 91 88 75 80 93 100 100 77 61 66 73 83 75 62 54 55 72 52
132 131 130 129 129 128 128 127 126 125 124 123 122 121 120 120 119 118 117 117 115 114 113 112 111 111 110 108 107 105 106 103 102 101 100 99 94 93 100 96 98 95 97 95 77 80 89 97 87 75 95 94 86 99 98 90 83 99 99 94 91 80 97 87 82 93 101 90 70 78 80 84 98 100 88 79 83 88 99 101 86 75 69 66 73 84 81 60 60 60 75 61
131 130 130 129 129 128 128 127 126 125 124 123 123 122 121 120 119 118 117 117 116 114 114 112 112 111 110 109 108 108 106 105 104 102 100 99 95 100 94 87 96 87 84 84 83 82 93 98 90 78 83 98 98 94 86 71 85 97 100 100 92 80 78 99 100 105 98 77 70 76 88 98 102 96 86 87 89 95 102 95 82 75 63 61 69 88 81 63 63 68 76 63
131 131 130 129 129 128 128 127 126 125 125 123 123 121 120 120 119 118 117 116 115 114 114 112 112 112 111 109 109 107 106 106 104 103 104 102 101 94 90 82 76 79 85 91 83 82 93 99 95 80 89 91 88 83 81 84 87 92 98 100 96 85 84 76 93 107 86 76 76 81 91 103 100 94 89 91 96 99 102 80 75 68 63 62 69 88 84 59 63 72 77 66
133 132 131 130 129 129 128 126 125 125 123 123 122 121 121 119 120 118 118 117 115 115 114 112 112 112 111 109 108 107 106 106 104 105 101 100 97 92 89 84 85 90 93 85 77 92 100 99 89 73 84 88 90 90 92 94 94 90 99 101 96 85 91 88 94 107 96 87 83 86 95 104 99 91 88 93 98 103 97 78 71 76 73 65 73 80 93 80 60 68 82 71
131 131 130 130 129 128 128 127 126 125 124 124 122 121 121 120 119 119 117 116 117 115 114 118 113 113 110 110 111 110 109 107 106 103 102 100 95 92 87 92 92 85 80 84 93 100 97 89 77 66 66 73 79 80 81 84 96 97 99 101 100 101 97 91 88 107 108 108 105 98 99 104 99 95 96 100 104 104 93 78 75 72 67 66 79 84 94 87 70 76 85 76
131 130 130 129 129 128 127 127 125 125 124 124 123 122 121 119 119 118 117 117 116 115 114 112 111 111 110 110 108 107 106 105 105 102 100 100 97 93 93 91 85 81 89 94 99 96 88 76 70 81 91 75 81 70 80 86 85 81 91 101 102 102 102 100 94 99 107 108 108 102 108 108 101 102 104 95 94 96 80 74 77 76 70 62 67 77 91 95 84 80 87 77
131 131 130 129 129 128 128 127 126 125 125 124 123 122 121 121 120 118 118 117 116 115 113 113 111 111 110 109 108 107 106 106 104 103 101 100 97 95 97 88 89 93 95 101 94 85 77 69 77 95 92 89 78 64 80 78 93 94 88 93 100 97 101 101 102 102 103 106 100 88 93 99 102 102 103 102 99 96 83 77 81 80 68 64 76 70 81 97 90 86 92 79
131 131 131 130 130 129 128 128 127 126 125 124 123 122 121 121 119 119 117 117 116 115 114 113 112 111 111 110 109 108 106 106 105 103 102 100 97 100 94 93 99 104 97 90 81 73 84 82 87 99 94 84 68 74 70 89 80 91 89 98 100 99 93 100 101 105 107 98 91 83 76 81 88 87 90 95 103 101 93 90 86 84 70 64 78 89 79 93 95 91 89 87
132 132 131 130 130 129 128 128 127 127 126 124 123 122 121 121 120 119 118 117 116 115 115 112 113 112 111 109 109 108 107 106 105 103 102 107 102 99 99 104 104 94 84 74 73 76 86 88 99 93 73 75 69 78 84 85 93 87 95 94 96 101 102 101 103 101 100 95 84 72 61 69 78 86 86 91 100 104 97 93 100 92 78 74 82 92 96 97 97 97 93 97
132 132 132 131 130 130 129 128 127 127 125 124 124 123 122 121 119 119 118 119 121 117 116 115 116 117 111 112 110 109 108 106 105 107 106 103 100 97 105 106 94 91 86 81 81 82 87 100 101 84 73 76 79 83 90 83 79 84 84 85 90 94 102 102 109 99 87 82 72 71 63 75 81 76 76 79 89 96 100 104 102 101 93 84 89 98 100 101 100 98 92 84
133 132 132 131 130 130 129 129 128 127 126 125 123 122 121 121 120 127 119 119 123 118 122 126 121 113 112 114 118 109 107 110 108 105 104 101 100 102 110 99 94 95 88 85 86 88 85 94 102 83 80 85 84 91 91 82 65 71 90 90 89 94 100 103 105 96 82 76 85 78 71 77 87 81 71 77 86 94 75 79 87 99 102 102 102 103 102 101 101 92 87 76
