data/bio1.asc
NCOLS 509 
NROWS 666 
XLLCORNER -74.2583333333333 
YLLCORNER -39.9333333333333 
CELLSIZE 0.00833333333333332 
NODATA_value -9999 
[rows 82 to 122 of 666, columns 276 to 367 of 509]
158 159 158 158 159 151 156 157 154 150 149 148 146 141 139 140 146 152 153 158 157 156 153 147 142 149 156 162 162 163 162 162 162 161 154 153 153 150 150 160 163 163 163 163 163 158 159 151 143 139 137 146 156 160 153 159 163 163 163 163 157 145 138 140 137 135 130 133 135 135 136 136 140 145 151 156 159 159 159 158 158 158 158 157 157 157 157 156 156 155 155 155
158 158 155 155 152 143 147 148 143 150 152 154 147 140 136 137 142 144 153 153 148 151 154 143 140 147 157 162 162 162 162 162 162 162 162 162 153 151 163 162 163 163 163 163 158 150 152 153 146 145 137 139 149 152 146 151 163 163 163 160 154 147 139 137 145 140 129 127 131 135 136 140 146 150 150 159 159 159 158 158 158 158 157 157 157 157 156 156 156 155 155 155
158 159 159 152 144 138 142 148 141 144 144 145 145 139 138 139 138 143 153 146 138 149 150 142 148 157 160 161 162 162 163 162 162 162 162 162 162 163 163 163 163 163 162 155 147 143 143 149 150 147 136 131 140 151 159 162 163 163 163 163 157 155 150 152 150 138 130 131 132 133 135 145 154 154 156 159 159 158 158 158 158 157 157 157 156 157 156 156 156 155 154 154
158 158 159 151 138 134 142 141 140 140 136 138 142 143 143 143 136 137 150 143 135 143 146 148 156 160 161 161 161 162 162 162 162 162 162 163 163 163 163 163 163 162 160 156 142 138 133 138 144 139 133 129 140 153 160 162 163 163 163 162 162 151 157 145 145 137 135 142 141 137 140 146 153 157 158 158 158 158 158 158 158 157 157 157 156 156 156 155 155 155 155 153
155 158 157 147 134 137 144 143 140 142 140 136 138 141 142 142 136 134 138 136 129 137 141 151 159 161 161 161 162 162 162 162 163 163 163 163 163 163 163 163 163 162 154 146 143 125 139 148 154 152 136 140 143 152 159 162 162 162 163 162 158 148 142 140 139 136 138 156 153 145 141 150 155 158 157 158 158 158 158 158 157 157 157 156 156 156 155 155 155 154 154 153
158 158 153 141 134 139 148 145 141 142 141 146 141 139 134 136 140 144 142 133 125 135 144 153 158 160 161 161 161 161 161 162 163 163 163 163 163 163 163 162 163 162 152 147 144 141 149 161 160 151 138 151 151 143 154 158 159 156 160 162 159 154 151 146 140 138 143 150 158 157 149 150 157 158 157 158 158 158 158 157 157 157 156 156 155 156 155 155 154 154 154 153
157 155 153 145 141 143 148 147 144 145 149 146 143 140 140 146 147 147 144 140 133 136 149 154 159 159 160 160 161 158 162 161 162 161 163 163 163 163 162 162 163 162 157 156 162 163 161 160 157 142 144 161 153 153 155 148 146 146 161 153 147 151 150 147 138 140 153 158 158 158 157 155 158 158 157 158 158 158 158 157 157 157 156 156 155 156 155 154 154 153 153 153
156 158 153 155 148 153 148 144 140 151 152 149 150 146 147 148 148 145 143 139 132 136 147 154 157 158 157 160 157 155 161 161 157 157 161 161 157 151 163 162 162 163 162 163 163 163 154 162 156 147 161 161 159 158 156 152 151 150 160 151 141 138 144 141 139 142 147 158 158 157 157 157 157 157 157 158 158 157 157 157 157 157 156 156 155 155 155 154 154 153 153 153
153 156 154 149 153 153 156 154 151 152 147 147 143 147 146 145 147 145 139 138 135 140 149 154 157 156 153 154 151 151 161 161 151 148 153 158 157 155 162 162 162 163 162 163 163 151 162 163 156 157 160 163 158 149 146 146 144 147 149 153 146 135 138 139 142 145 145 158 158 157 157 157 157 157 157 158 158 157 157 157 157 156 156 155 155 155 155 154 153 153 152 152
155 153 145 145 145 143 142 148 153 149 148 147 136 139 140 143 144 140 137 142 138 135 136 148 151 149 143 143 142 150 158 161 151 148 146 148 153 162 162 162 162 162 162 163 163 163 163 163 163 163 163 163 154 152 152 151 147 134 145 147 144 136 136 145 148 148 148 156 158 157 157 157 157 157 157 157 157 157 157 157 157 156 156 155 155 155 154 154 153 153 152 151
152 149 148 141 141 140 140 145 151 154 151 142 143 144 136 138 141 144 146 147 142 138 132 145 153 151 151 144 139 141 147 153 147 144 140 154 156 156 159 162 162 162 162 163 162 163 163 163 163 164 163 163 156 155 150 148 148 138 142 146 142 136 135 143 151 157 158 158 158 157 158 157 157 157 157 157 157 157 157 156 156 157 156 155 155 155 154 154 153 153 152 151
151 152 147 141 137 135 143 144 145 149 150 149 149 138 134 145 150 148 147 148 143 136 128 146 154 155 156 155 152 144 142 145 141 137 143 150 150 152 159 162 162 162 162 162 160 163 163 163 163 158 163 162 158 162 157 144 139 140 139 136 137 138 144 147 147 147 155 158 159 157 158 157 157 157 157 157 157 156 156 156 156 155 156 155 155 155 154 154 153 153 152 151
151 150 147 144 140 136 136 138 145 148 145 145 152 142 151 151 151 148 145 142 138 136 133 138 145 156 156 155 153 145 150 151 148 141 141 145 149 159 162 162 162 163 162 162 159 152 159 160 153 163 163 163 163 163 158 150 145 150 150 135 135 139 141 141 146 155 158 158 158 158 158 157 157 157 157 157 157 156 156 156 156 155 155 156 154 155 154 154 153 153 152 151
146 148 146 145 137 132 130 134 138 143 138 145 150 151 151 148 148 147 145 144 137 138 138 147 156 153 149 147 149 156 157 159 151 143 141 150 157 161 162 162 160 162 162 159 157 151 157 160 162 163 163 163 161 161 158 157 157 153 146 139 134 137 144 154 158 158 158 158 158 158 158 158 157 157 156 157 156 157 156 155 155 155 154 154 153 155 155 154 153 153 152 152
145 144 143 141 142 133 129 130 136 136 138 149 145 150 150 146 140 141 142 142 142 140 148 155 157 149 146 146 156 161 161 159 156 151 138 149 158 161 161 151 161 162 162 162 153 152 157 156 156 153 159 159 156 159 159 157 156 150 145 140 139 139 146 156 158 159 158 158 158 158 158 157 157 156 156 156 156 156 156 155 155 155 154 153 153 153 153 155 154 153 152 152
148 141 139 141 147 143 136 133 125 133 145 145 144 149 148 142 139 140 143 144 144 143 142 154 157 153 146 156 161 161 160 159 155 145 138 146 155 157 148 141 160 161 162 160 150 145 153 150 146 147 157 155 158 158 157 157 148 148 152 146 141 141 150 156 158 159 160 158 159 158 158 157 157 157 157 157 156 156 156 155 155 154 154 153 153 153 153 152 154 153 153 153
147 144 142 151 149 147 142 137 128 125 141 142 145 147 139 140 140 140 144 145 144 143 141 154 158 155 152 161 161 158 157 158 155 148 139 141 140 147 141 138 157 149 155 149 150 144 152 148 150 157 152 152 157 157 156 149 148 155 155 152 146 152 157 158 158 160 159 158 158 158 158 157 157 157 156 156 156 156 155 155 154 154 154 153 153 153 152 152 153 153 153 152
153 152 149 148 139 139 145 139 126 127 137 144 143 141 136 142 145 144 145 146 145 143 145 153 158 159 156 161 161 156 151 149 145 148 138 135 130 135 133 147 155 148 151 144 146 151 150 146 148 152 154 155 156 155 148 146 155 158 159 159 160 160 158 159 160 159 159 159 158 158 158 158 157 156 156 156 156 155 156 155 155 154 154 153 154 152 152 151 151 153 153 152
152 152 143 138 140 130 127 140 137 130 132 143 149 140 150 151 151 152 143 144 146 144 153 157 158 158 161 161 161 162 155 152 157 155 152 137 137 142 142 139 148 141 143 143 154 156 155 148 147 149 152 154 156 155 148 154 158 160 160 160 159 159 159 159 159 159 159 159 158 158 158 157 157 156 156 156 156 156 155 155 154 154 153 153 152 153 151 151 150 150 152 152
150 149 147 137 131 122 123 135 137 129 126 142 147 145 153 155 152 144 138 139 152 146 155 160 157 161 161 160 157 161 157 160 160 160 151 138 151 158 148 138 146 140 146 151 157 157 155 150 148 152 153 156 155 153 159 156 161 160 160 159 159 159 159 159 158 159 159 159 158 158 158 157 157 156 156 156 156 156 155 154 154 153 153 152 152 152 152 151 150 150 149 152
141 145 149 140 134 126 126 131 131 130 135 139 150 148 148 156 147 143 143 151 156 151 155 160 152 161 161 160 154 161 161 161 161 161 161 161 161 157 144 141 154 151 156 156 156 156 155 149 150 153 152 153 159 158 161 161 160 159 159 159 159 159 159 159 158 159 159 159 158 157 157 157 157 156 156 157 156 156 155 155 154 153 153 152 152 152 151 151 151 149 150 149
144 141 135 137 140 135 129 126 128 132 138 144 145 143 149 156 158 155 156 156 159 157 160 160 161 161 159 153 156 152 161 159 157 160 161 161 161 161 153 153 158 158 158 156 149 155 150 146 150 159 149 154 160 161 160 160 160 160 160 159 159 159 159 158 158 159 159 158 158 157 157 157 157 157 156 156 156 155 155 154 154 153 153 152 152 152 151 151 150 150 149 148
144 141 137 133 135 131 124 121 130 135 139 142 144 138 146 153 156 158 159 159 159 159 160 160 161 159 152 150 153 146 158 155 159 159 153 147 155 154 156 148 144 157 156 157 156 148 149 149 157 160 153 157 160 160 160 160 160 160 160 160 159 159 159 159 159 159 159 158 158 158 157 157 157 157 156 156 156 156 155 155 154 153 153 152 152 152 151 151 151 150 149 144
141 130 132 135 130 123 118 120 128 130 137 139 140 138 143 146 151 157 158 159 160 160 160 161 161 156 146 148 150 143 153 157 152 152 139 136 137 145 148 141 132 148 149 153 153 152 151 160 160 160 160 161 160 160 159 160 161 160 160 160 159 159 160 159 159 159 158 158 158 158 158 157 157 157 156 157 156 156 156 155 154 154 153 153 152 152 152 151 151 150 140 142
133 129 125 130 126 121 127 130 132 133 131 134 144 144 137 132 137 148 156 158 159 160 161 161 161 155 146 145 146 137 147 155 154 152 146 141 148 140 141 138 135 145 138 145 151 153 152 158 160 161 160 161 160 160 160 160 161 160 160 160 160 159 159 159 159 159 159 158 158 158 158 157 157 157 156 157 156 156 156 155 155 154 154 153 153 153 152 152 152 144 142 143
137 132 121 115 124 132 138 137 137 134 131 144 150 150 144 139 145 151 159 158 160 160 161 161 160 156 148 144 143 137 147 150 145 143 141 143 152 148 146 144 144 136 133 143 146 152 150 158 159 161 162 160 160 160 161 161 160 160 160 160 159 159 159 159 159 159 159 159 158 158 158 157 157 157 156 157 157 156 155 155 155 154 154 153 153 153 153 153 152 146 137 139
138 127 121 124 135 136 139 145 141 135 134 146 150 153 155 157 158 158 159 159 160 160 161 161 161 148 149 145 138 139 150 150 150 147 142 151 156 154 151 148 138 139 135 141 140 149 149 158 160 157 161 161 161 161 160 160 160 160 160 160 160 159 159 159 159 160 159 159 158 158 158 157 157 157 157 157 156 156 156 155 155 155 154 154 153 153 153 152 153 150 131 134
134 134 132 134 136 136 143 145 144 143 142 142 144 150 149 155 158 154 157 159 160 161 161 158 154 150 151 145 139 148 155 156 154 143 149 158 151 149 148 143 136 135 148 151 144 143 149 152 161 161 162 161 161 161 161 161 161 161 160 160 160 159 159 159 159 159 159 159 158 158 158 158 157 158 157 157 157 157 156 156 156 155 154 154 154 154 154 154 154 151 141 139
134 141 143 142 139 140 149 149 149 149 149 144 138 145 143 150 155 145 148 151 159 161 161 161 157 154 154 151 141 147 158 159 147 150 159 149 146 143 140 138 154 149 156 159 158 161 161 161 161 161 161 162 160 161 161 161 161 161 160 160 160 160 159 160 159 160 160 159 159 159 158 158 157 157 157 157 157 156 156 156 156 155 155 155 154 154 154 154 154 153 149 140
146 141 147 146 143 143 149 149 149 148 148 146 138 138 143 144 152 148 147 159 160 161 161 161 160 162 157 156 152 146 156 160 155 159 154 146 141 140 137 145 156 153 159 160 158 161 161 161 162 162 161 161 161 161 161 161 161 161 161 160 160 160 160 159 159 160 159 159 159 158 158 158 158 157 157 157 157 157 156 156 156 154 154 155 154 154 153 153 153 151 149 136
148 149 148 148 149 149 149 148 145 142 147 146 140 141 150 157 157 160 160 160 161 161 161 162 161 162 162 162 159 156 156 160 150 148 140 146 142 149 149 145 159 160 161 161 159 162 161 161 162 161 161 161 162 162 162 161 161 161 161 161 160 160 159 159 159 159 159 159 158 159 158 158 158 158 158 158 157 157 157 156 156 155 153 153 154 152 152 151 152 147 139 132
145 147 141 147 148 149 149 145 140 141 142 144 132 143 149 155 159 160 161 161 161 160 161 161 161 161 161 161 162 162 157 161 151 146 145 147 146 156 152 149 161 161 162 161 161 162 163 161 162 161 161 162 161 161 161 161 161 161 161 161 160 160 159 159 159 159 159 159 159 158 158 157 158 157 157 157 157 156 156 156 155 154 150 149 153 152 152 150 151 151 144 140
141 145 141 148 149 147 147 138 133 139 135 132 144 154 150 152 159 161 161 161 161 160 161 160 160 161 160 160 159 162 159 160 154 149 152 149 143 157 161 162 162 162 162 162 162 162 162 162 162 162 162 163 161 161 161 162 161 161 160 160 160 160 160 160 159 159 159 159 159 158 158 158 157 157 157 157 157 156 156 155 155 154 152 151 151 152 151 151 150 150 149 144
134 141 145 148 148 149 147 144 142 145 141 138 143 152 158 159 160 161 161 160 160 160 160 160 160 158 153 152 152 151 153 161 155 155 153 149 150 160 161 162 162 162 162 162 161 162 162 162 163 162 163 161 161 161 161 161 161 162 160 160 160 160 160 159 159 160 159 159 159 158 158 158 157 157 156 157 156 156 156 155 154 154 153 152 152 152 151 150 149 149 145 139
134 139 144 145 147 148 149 148 146 140 135 138 145 148 159 160 161 161 160 160 160 160 161 161 159 154 150 140 136 142 152 159 158 153 149 155 159 159 159 162 163 162 163 163 163 163 163 163 162 163 162 161 161 162 161 161 161 161 161 161 160 160 160 160 160 160 159 159 159 158 158 157 157 157 156 156 156 155 155 154 154 154 153 153 152 151 150 149 149 148 147 146
135 133 145 141 145 146 142 144 148 145 141 143 149 155 159 160 160 160 160 160 160 161 161 161 158 149 141 136 136 144 156 156 156 153 151 147 157 154 154 161 163 163 162 162 161 162 163 163 163 163 162 163 162 162 162 162 161 161 161 161 161 161 160 160 160 160 159 159 159 158 158 157 157 156 156 156 156 155 155 154 154 153 153 152 152 152 151 150 149 147 147 146
135 137 140 138 143 141 138 139 145 142 140 147 152 158 159 160 161 161 161 161 161 161 159 159 156 150 147 147 145 150 160 159 159 147 147 147 152 158 163 163 163 162 162 162 161 162 162 161 161 161 161 162 161 161 161 162 162 162 161 161 161 160 160 160 160 160 159 159 159 159 158 157 157 156 156 156 156 155 154 154 154 153 152 152 152 152 151 151 149 148 146 146
132 131 135 138 139 134 140 143 146 143 142 148 156 159 160 161 161 160 161 161 161 162 162 160 158 155 157 158 160 161 161 160 159 146 145 156 163 163 163 163 162 162 162 162 161 162 161 161 161 161 161 161 161 161 161 161 161 161 161 161 161 160 160 160 160 160 159 159 159 158 157 157 157 156 156 157 156 156 155 155 154 153 145 149 151 151 151 150 149 148 147 143
136 134 135 135 135 133 139 143 143 140 152 157 159 160 160 161 160 160 160 160 160 161 162 161 161 160 160 162 161 160 159 156 152 152 156 163 163 163 163 163 163 163 162 163 161 162 162 162 161 161 161 161 161 160 160 161 161 161 161 160 160 161 160 160 159 159 159 159 159 158 158 158 157 157 156 157 156 155 156 155 154 153 143 149 150 150 151 149 149 142 143 135
135 140 133 124 128 130 137 142 142 147 150 156 159 160 160 160 161 160 160 160 159 160 160 162 160 162 162 162 161 158 156 145 149 155 163 163 163 163 163 163 163 163 163 163 162 163 163 163 162 162 161 161 161 160 160 161 161 161 160 160 160 160 160 160 159 160 160 159 159 158 158 158 157 157 156 157 156 156 156 155 155 149 144 144 150 151 151 150 150 149 134 129
147 142 133 129 131 138 137 141 140 152 158 159 160 159 159 160 161 161 160 159 158 157 157 162 160 162 162 159 158 159 154 147 151 161 163 163 163 163 162 163 162 161 162 162 162 163 163 163 163 162 162 162 162 161 161 162 161 160 160 160 160 160 159 159 159 159 159 159 159 158 158 158 158 157 157 157 157 156 156 156 155 146 139 144 151 152 151 151 149 146 136 126
