data/bio1.asc
NCOLS 509 
NROWS 666 
XLLCORNER -74.2583333333333 
YLLCORNER -39.9333333333333 
CELLSIZE 0.00833333333333332 
NODATA_value -9999 
[rows 492 to 532 of 666, columns 368 to 459 of 509]
118 114 111 104 92 83 83 85 86 86 87 87 88 87 83 79 76 79 86 101 90 90 100 95 89 85 82 78 75 84 84 62 67 72 67 77 78 82 85 80 83 88 74 72 83 87 84 81 83 84 89 93 98 101 102 107 110 115 118 119 120 121 118 115 117 117 122 123 126 128 130 132 133 134 134 135 135 136 138 138 138 137 137 138 141 141 138 138 137 136 139 135
119 115 111 107 92 83 84 86 88 89 87 88 88 89 83 80 77 74 86 90 102 102 98 91 87 84 79 74 75 83 88 83 73 65 73 77 77 78 76 73 77 75 65 68 69 84 78 73 71 76 83 88 94 97 101 105 109 113 116 118 120 121 122 121 120 121 123 125 126 128 129 131 133 133 134 134 136 137 136 136 136 137 137 138 139 141 141 141 142 141 141 142
118 115 111 109 98 88 84 85 96 99 88 88 89 89 88 82 79 83 88 95 102 100 92 86 83 77 72 77 82 88 89 77 65 60 65 67 73 75 67 66 65 65 57 64 68 73 70 66 74 85 87 91 90 100 101 105 110 114 116 118 119 121 123 123 124 124 126 126 128 128 130 132 132 133 134 134 134 135 135 135 136 136 137 137 137 138 141 141 141 142 142 142
117 116 112 106 100 96 85 100 104 85 88 88 88 88 88 83 81 94 102 102 95 90 81 76 74 75 72 87 91 89 80 75 61 78 68 61 65 57 50 48 44 50 55 63 65 68 65 61 76 86 84 82 90 97 100 103 106 111 114 118 120 122 123 124 124 125 125 126 126 127 129 131 131 132 133 134 134 135 135 135 135 136 136 136 137 140 140 138 138 139 139 140
116 114 109 108 103 101 103 105 103 96 86 87 87 87 86 84 92 98 103 102 87 81 79 84 81 79 85 91 85 75 67 62 68 78 83 79 79 70 50 42 49 55 64 74 81 72 58 57 69 80 80 83 89 88 93 96 100 108 113 116 121 122 123 124 125 125 126 125 126 127 130 129 128 129 132 133 134 134 134 135 135 136 136 137 139 137 137 137 138 138 139 139
117 113 108 108 105 105 106 106 106 102 95 86 86 85 87 95 96 104 104 97 85 87 86 77 78 85 92 86 71 63 61 63 73 86 91 86 69 58 44 43 51 54 74 78 86 82 73 72 71 81 90 96 96 90 97 102 106 111 116 118 121 122 123 124 125 125 126 127 127 131 130 129 127 128 131 133 133 134 134 134 135 136 136 139 136 137 137 137 137 137 139 139
118 115 111 112 112 110 109 109 108 106 96 86 85 83 84 92 102 103 96 91 83 87 83 83 87 91 94 77 69 63 71 74 73 92 92 82 59 48 48 57 63 57 58 64 69 85 82 86 81 77 83 90 97 103 105 107 110 112 114 116 120 122 123 124 125 126 126 130 131 128 129 130 130 130 131 133 133 134 134 134 137 138 138 136 135 136 136 137 137 137 139 139
118 117 115 116 116 114 114 113 106 100 91 86 84 82 86 89 104 102 93 82 86 92 90 90 93 92 85 77 73 66 64 81 84 92 91 74 62 47 50 56 68 68 61 69 72 83 92 95 89 93 91 96 99 103 107 108 103 113 116 119 120 122 123 123 123 125 122 125 126 127 129 129 129 131 131 132 133 134 134 134 135 137 134 135 135 135 136 136 137 137 138 138
118 118 117 117 116 115 114 113 106 101 90 88 85 83 85 99 104 101 96 82 86 91 95 94 89 81 81 75 69 67 69 82 81 95 96 78 63 56 56 59 66 75 62 72 82 89 92 98 100 101 102 100 104 102 102 105 111 117 119 120 124 121 122 119 118 117 120 123 126 127 128 129 129 130 132 132 132 133 134 134 136 134 134 134 134 135 135 135 136 135 135 135
118 119 118 118 117 114 111 107 106 100 96 89 87 86 90 102 103 98 96 88 91 95 98 89 85 83 82 74 72 82 77 75 81 95 95 81 69 69 66 67 68 77 69 82 83 89 97 100 104 108 107 110 108 109 113 113 118 118 119 122 120 119 114 110 110 108 115 120 123 127 128 129 130 130 130 131 132 133 133 133 136 134 133 134 134 134 135 135 135 135 135 135
117 117 118 118 118 117 113 108 102 101 98 92 91 93 98 106 104 100 93 91 94 100 91 87 89 87 84 79 75 86 84 77 80 91 97 87 77 76 72 76 74 79 71 77 85 90 95 99 104 108 110 111 113 112 115 116 112 114 119 122 119 118 112 108 107 111 115 121 125 127 128 129 128 129 130 131 131 132 132 133 133 133 133 133 133 134 134 134 135 135 135 135
114 115 118 116 119 119 113 109 105 99 94 93 102 101 101 107 104 101 96 87 91 101 95 95 94 90 85 80 77 85 88 83 85 94 100 88 86 83 82 79 82 78 63 70 78 80 95 100 105 107 109 108 112 111 111 111 110 114 120 117 117 115 114 117 112 115 120 124 127 127 127 127 127 128 129 130 130 131 131 135 133 132 132 133 133 133 134 134 134 135 135 135
108 108 113 111 114 116 116 111 104 102 101 98 103 107 109 107 105 102 94 93 101 103 101 96 88 87 86 84 88 89 83 92 92 99 99 91 90 87 82 77 69 69 60 62 68 73 83 98 101 106 107 107 108 105 106 107 111 117 116 114 117 118 119 124 125 122 119 123 126 125 124 125 127 128 129 129 130 131 131 131 131 131 132 132 133 133 133 134 134 133 135 134
107 101 106 112 114 118 117 112 109 106 103 104 109 109 109 105 105 99 101 106 108 102 91 93 92 96 94 90 95 89 104 98 98 95 91 87 83 82 81 79 74 72 72 58 70 74 83 88 96 102 99 99 100 102 103 111 117 111 111 113 119 123 119 117 119 122 120 124 121 123 123 125 126 127 128 129 130 130 132 130 130 131 131 132 132 132 133 132 133 134 134 134
103 103 110 112 116 117 117 117 112 108 109 112 108 100 97 99 101 102 111 107 106 100 92 108 108 107 106 108 103 101 90 90 89 87 86 85 83 81 80 78 77 71 66 63 72 69 73 76 78 85 94 98 102 105 105 108 107 110 111 117 118 113 115 116 118 119 118 119 120 121 124 123 125 126 126 127 128 128 128 130 130 130 131 131 131 132 132 132 132 133 133 133
98 98 108 113 117 117 117 116 116 113 113 112 103 94 93 103 103 105 111 105 108 110 112 104 99 95 97 94 94 93 92 91 90 88 86 84 83 81 79 78 75 72 69 70 82 69 73 74 76 81 90 101 108 112 115 105 108 109 111 118 115 109 112 115 117 116 117 118 119 121 122 121 124 125 126 127 127 127 128 129 129 129 130 130 130 131 131 132 132 132 132 133
105 106 109 114 117 117 116 116 116 115 114 112 106 102 105 104 107 108 110 113 113 106 96 96 96 96 95 95 95 94 93 91 89 87 84 82 81 77 75 72 70 80 75 79 80 83 86 86 76 84 101 108 108 107 105 102 104 107 113 114 105 96 108 111 113 114 116 119 120 120 120 121 122 124 124 126 127 127 126 127 129 128 129 129 129 129 130 131 131 131 132 132
106 108 112 114 114 117 117 117 116 116 116 113 112 107 104 107 107 111 112 109 109 103 97 97 97 96 97 96 95 93 92 91 89 86 82 80 76 73 69 70 83 81 86 85 87 93 89 94 94 99 107 104 103 99 98 101 104 107 114 108 104 100 110 111 113 114 117 118 118 119 120 121 123 124 125 126 126 124 125 126 126 127 127 128 128 129 130 130 130 131 131 131
108 109 113 112 111 112 114 117 117 117 117 116 113 112 109 109 110 113 114 113 110 106 98 98 98 97 95 94 93 92 91 90 87 85 81 77 73 68 65 76 80 82 87 91 93 95 95 97 100 104 105 102 98 96 95 100 103 110 114 108 108 105 111 112 113 114 115 111 112 115 118 119 121 123 124 126 125 123 125 125 125 126 127 127 128 128 129 129 129 130 130 131
108 111 109 106 106 108 110 111 113 115 117 116 116 116 116 115 116 114 113 110 106 103 98 98 100 95 91 93 93 91 89 87 83 81 78 75 72 77 70 75 83 83 88 95 95 97 99 103 103 101 95 96 85 86 92 97 99 105 106 105 106 108 109 110 112 115 111 111 112 112 115 117 120 122 123 124 122 122 123 123 124 125 125 127 128 128 127 128 129 129 130 131
109 110 106 104 104 105 108 110 111 112 116 116 116 113 113 114 116 113 113 107 103 102 98 100 98 88 93 95 93 90 85 84 81 77 75 71 79 84 79 78 83 86 93 98 100 101 97 92 86 84 84 84 73 79 89 94 104 109 102 103 105 107 109 111 111 110 107 108 106 108 112 115 118 120 123 122 120 120 121 122 123 124 124 126 125 125 126 126 127 128 129 130
107 106 104 101 102 103 106 107 110 112 113 116 116 113 101 102 107 108 114 111 106 108 104 99 94 95 96 94 93 92 87 83 79 77 77 78 83 87 86 90 89 90 95 99 90 89 90 92 88 84 87 92 88 88 82 102 105 98 99 101 105 106 107 108 109 107 102 99 103 105 108 112 116 120 122 119 119 119 120 121 122 122 124 124 125 125 125 125 126 126 128 130
105 103 99 94 98 101 104 106 107 109 111 113 115 106 101 100 106 105 112 106 100 106 104 96 97 97 96 95 92 89 88 86 79 75 71 82 86 87 89 91 94 96 93 87 83 76 75 79 85 91 100 102 103 101 102 104 97 91 96 100 102 102 102 102 103 100 96 95 98 102 104 109 113 120 120 116 116 118 119 119 121 122 122 122 123 124 124 123 123 125 126 125
104 102 97 92 92 95 97 103 105 106 111 114 116 107 99 97 101 108 113 107 104 103 98 98 97 96 96 94 92 90 86 84 79 74 74 82 87 89 89 89 91 94 89 83 77 73 78 82 84 94 98 88 90 94 88 83 87 88 97 98 99 97 98 99 104 99 92 92 95 99 100 106 116 118 110 114 115 116 118 119 120 119 119 120 122 122 121 121 123 124 124 124
105 104 100 100 96 98 99 104 106 108 112 115 115 111 110 105 103 107 105 104 107 106 98 98 97 95 95 94 92 91 89 86 84 79 73 79 84 87 89 88 88 91 88 83 81 82 82 84 91 93 92 84 73 67 73 79 83 87 96 90 82 89 97 101 102 102 92 91 92 93 101 109 115 111 110 113 114 115 117 118 117 117 117 118 120 121 121 121 121 123 124 124
107 106 105 104 103 103 106 106 108 110 114 115 113 109 104 101 98 101 107 103 97 97 97 97 96 95 94 93 92 91 89 86 81 77 74 71 73 80 83 85 85 85 90 83 85 84 84 88 92 90 83 70 63 65 72 78 81 89 92 73 75 89 95 98 94 93 92 92 93 98 110 114 111 109 111 112 112 115 113 114 115 116 116 117 119 120 120 121 120 121 123 123
107 107 107 107 107 108 106 109 111 114 114 112 110 107 99 93 96 98 108 101 97 96 97 97 95 95 94 92 91 89 88 87 87 86 79 80 81 82 85 85 86 90 91 88 88 90 91 91 89 80 70 61 71 66 71 79 92 92 87 76 73 76 82 94 88 88 91 92 96 104 111 107 107 108 110 110 111 111 113 113 113 112 112 115 118 118 120 120 120 120 120 121
109 107 109 109 110 110 112 112 113 114 111 108 108 104 98 92 92 101 105 95 95 94 96 96 95 95 93 91 90 89 87 85 83 86 81 85 79 85 87 88 88 87 87 88 88 89 90 86 79 69 63 74 69 86 86 90 91 89 74 80 80 75 76 80 87 94 99 102 99 102 110 105 100 107 109 110 111 111 111 110 111 112 113 115 117 117 119 119 119 120 120 120
111 111 107 108 109 113 113 113 113 114 111 108 107 103 93 90 92 95 95 93 94 93 94 94 94 93 92 91 89 88 85 84 80 76 73 73 72 81 79 85 87 86 85 83 86 87 83 77 70 60 64 71 85 89 92 87 79 65 71 81 85 85 81 85 91 100 107 105 106 106 112 100 101 106 106 108 109 109 108 108 110 113 114 115 115 115 115 118 117 117 118 120
110 111 111 108 112 112 112 112 113 107 106 108 104 96 88 90 91 91 92 92 92 92 92 92 92 92 90 89 88 87 85 84 81 79 77 81 81 88 84 82 78 67 67 76 76 76 73 67 59 58 67 75 91 91 79 68 68 75 76 90 91 94 97 95 93 101 96 94 100 101 99 99 103 105 106 107 107 108 106 106 108 111 112 112 113 113 114 116 116 115 117 116
109 109 108 111 112 111 106 107 107 106 105 104 104 101 94 89 91 90 90 90 91 90 90 89 90 88 87 86 87 85 84 84 80 75 84 87 88 90 86 79 67 74 58 61 69 76 67 61 62 58 72 91 88 76 61 73 85 93 92 90 81 88 88 99 98 93 92 94 94 96 101 100 102 102 104 105 106 105 104 103 106 108 110 110 110 111 114 115 115 114 115 115
106 108 107 107 107 111 108 106 105 104 104 102 103 101 96 89 90 90 89 89 89 89 88 85 85 86 84 84 87 84 83 82 79 79 85 89 90 92 84 81 67 79 80 69 70 77 76 71 71 62 71 75 73 71 71 92 92 86 78 79 80 83 85 90 86 81 85 89 92 94 93 96 99 100 100 103 100 103 104 105 105 105 107 109 107 110 112 112 113 113 114 114
104 103 105 105 107 108 106 104 103 99 96 98 101 100 98 88 90 89 89 87 86 85 85 85 84 83 82 82 81 84 83 81 79 83 88 91 89 91 85 80 68 77 84 77 76 81 80 66 61 62 63 70 73 81 89 90 81 69 71 74 76 79 82 86 83 75 76 76 85 86 91 91 93 95 96 98 97 100 103 104 104 103 103 107 103 106 111 112 112 113 114 114
100 99 98 98 99 102 102 100 99 98 98 96 98 99 100 100 95 88 88 87 84 83 82 82 82 82 81 80 80 82 82 82 80 89 89 89 94 91 82 82 82 83 86 84 82 81 72 65 66 65 65 77 81 87 89 82 66 64 67 69 70 75 76 84 83 74 75 79 80 81 84 87 91 101 95 95 95 96 99 102 104 105 106 109 110 110 112 112 114 115 114 114
93 95 95 96 96 97 96 95 96 96 96 98 99 100 99 100 101 88 88 86 83 82 81 82 83 83 82 82 81 82 82 82 91 89 92 94 93 91 87 86 87 88 87 85 84 83 78 73 67 71 62 71 77 82 83 70 59 59 61 52 60 69 75 78 78 69 70 78 76 74 74 84 94 85 88 89 93 95 99 101 104 106 107 110 111 113 113 115 115 115 114 114
90 89 90 91 92 92 93 94 94 95 96 97 99 100 100 100 101 102 94 89 86 84 85 84 83 86 83 81 81 82 88 87 94 95 95 93 91 91 90 92 89 87 88 81 83 63 63 69 69 82 75 65 64 70 78 71 58 58 54 46 47 64 68 72 68 69 70 76 84 80 78 92 83 84 84 87 91 92 97 101 102 106 107 109 111 113 114 115 116 116 116 116
89 84 87 88 89 91 91 93 94 96 97 97 97 99 101 102 102 102 101 91 88 87 87 86 85 84 84 85 89 92 98 94 96 97 94 91 89 87 84 80 69 69 68 64 63 62 62 69 81 80 87 77 69 61 68 75 67 55 53 45 53 49 61 67 81 79 82 79 79 91 80 83 82 83 81 84 85 87 93 100 102 103 108 110 111 112 114 114 115 116 116 115
70 79 84 85 86 89 90 89 91 91 92 92 94 96 99 101 102 102 103 100 88 88 87 86 86 87 89 92 99 99 98 97 97 88 87 86 87 84 81 75 69 69 70 68 67 67 70 70 85 91 91 71 68 68 74 78 72 67 58 60 63 57 65 72 80 81 67 56 65 70 79 80 81 82 79 82 82 87 97 101 102 104 107 109 110 111 112 114 115 116 116 117
70 71 80 83 84 87 90 87 88 89 83 84 89 93 97 99 102 102 103 101 90 89 87 86 90 92 99 99 99 94 91 89 88 86 82 80 78 75 74 72 72 71 71 71 70 73 81 68 76 93 92 81 79 79 78 70 66 62 55 55 72 75 75 78 81 78 60 44 52 63 72 73 76 83 88 89 89 91 96 101 102 104 105 107 109 111 113 112 113 114 117 117
68 76 77 81 84 85 82 76 77 77 77 76 86 89 93 97 100 102 102 103 101 89 87 91 95 99 99 91 90 91 88 88 86 83 82 80 79 77 77 73 72 71 72 73 70 70 76 82 87 87 90 87 81 80 69 65 56 55 52 53 61 65 66 70 79 75 66 49 56 62 71 73 79 86 88 89 89 93 94 100 103 104 105 105 106 108 110 111 113 115 116 118
77 78 74 79 80 77 76 75 77 77 76 77 79 86 92 95 99 102 103 104 102 93 91 99 96 95 94 92 92 92 90 85 85 84 82 80 78 76 74 73 72 74 74 72 83 84 78 86 96 95 91 81 73 69 66 64 53 65 66 65 58 57 64 74 78 61 59 63 59 62 70 74 81 84 88 87 89 96 98 101 103 104 104 103 106 107 110 111 114 115 117 118
